# Region file format: CIAO version 1.0
rotbox(1:04:13.175,-72:01:58.11,0.541058',1.22403',3.4367)
rotbox(1:03:50.848,-72:01:53.13,0.541058',1.22403',3.4367)
