# Region file format: CIAO version 1.0
rotbox(1:04:13.557,-72:01:34.98,0.597058',0.56356',340.748)
rotbox(1:03:50.230,-72:02:10.79,0.7011',0.6765',339.192)
