# Region file format: CIAO version 1.0
rotbox(1:04:07.073,-72:02:49.41,0.878527',1.11449',60.1067)
rotbox(1:03:57.530,-72:01:12.10,0.490822',1.10251',61.0801)
