# Region file format: CIAO version 1.0
rotbox(1:04:11.809,-72:01:31.98,0.608117',1.07526',342.792)
rotbox(1:03:50.779,-72:02:02.79,0.608117',1.07526',342.792)
