box(1:04:10.598,-72:01:31.140,0.57475',1.06338',332.00425)
box(1:03:54.707,-72:02:12.066,0.36367',1.06814',331.63101)
