box(1:04:09.042,-72:01:11.810,0.61972',1.06285',309.60979)
box(1:03:55.150,-72:02:33.267,0.60812',1.07527',310.11867)
