box(1:04:08.614,-72:01:11.352,0.60812',1.07526',304.75908)
box(1:03:55.163,-72:02:33.139,0.60046',1.09927',307.21854)
