box(1:04:11.161,-72:02:38.145,0.87853',1.11449',51.163917)
box(1:03:56.227,-72:01:13.199,0.49082',1.10251',51.23694)
