box(1:04:11.710,-72:01:36.898,0.60812',1.07526',338.16297)
box(1:03:54.959,-72:02:09.503,0.28030',1.08419',339.06166)
