box(1:04:07.762,-72:02:45.590,0.87853',1.11449',60.106465)
box(1:03:57.715,-72:01:11.706,0.49082',1.10251',58.974224)
