box(1:04:07.658,-72:02:47.069,0.87853',1.11449',64.64789)
box(1:03:58.350,-72:01:09.722,0.49082',1.10251',68.235647)
