box(1:04:12.075,-72:01:26.630,0.63874',1.05144',329.86763)
box(1:03:52.913,-72:02:17.035,0.60812',1.07526',328.02965)
