# Region file format: CIAO version 1.0
rotbox(1:04:12.135,-72:01:39.85,0.608117',1.07526',342.792)
rotbox(1:03:51.209,-72:02:11.64,0.608117',1.07526',342.792)
