box(1:04:07.350,-72:01:12.303,0.60812',1.07526',300.22845)
box(1:03:58.019,-72:02:24.664,0.24046',1.06608',301.08145)
