box(1:04:11.977,-72:02:13.751,0.63180',1.11570',27.297071)
box(1:03:51.987,-72:01:29.243,0.49082',1.10251',27.946413)
