box(1:04:07.7756,-72:01:13.529,0.60812',1.07526',304.75263)
box(1:03:57.7527,-72:02:23.682,0.24046',1.06608',306.09976)
