box(1:04:11.183,-72:02:18.683,0.63180',1.11570',35.314383)
box(1:03:53.738,-72:01:24.062,0.49082',1.10251',34.873606)
