box(1:04:11.293,-72:01:27.743,0.60812',1.07526',331.41982)
box(1:03:54.025,-72:02:12.899,0.24046',1.06608',328.7913)
