box(1:04:08.041,-72:01:12.787,0.60812',1.07526',307.28161)
box(1:03:56.529,-72:02:23.692,0.24046',1.06608',310.16487)
