box(1:04:07.065,-72:02:37.520,0.63180',1.11570',67.885912)
box(1:03:59.074,-72:01:02.732,0.49082',1.10251',71.565748)
