box(1:04:07.686,-72:02:32.530,0.63180',1.11570',66.084197)
box(1:03:58.561,-72:01:07.253,0.49082',1.10251',67.638585)
