box(1:04:11.618,-72:01:34.870,0.60812',1.07526',337.7649)
box(1:03:54.660,-72:02:09.199,0.24046',1.06608',337.70374)
