box(1:04:05.868,-72:02:37.920,0.63180',1.11570',69.002784)
box(1:03:58.562,-72:01:03.919,0.49082',1.10251',69.084443)
