box(1:04:06.322,-72:02:38.526,0.63180',1.11570',68.568889)
box(1:03:59.074,-72:01:02.732,0.49082',1.10251',69.343653)
