box(1:04:12.258,-72:01:37.566,0.60812',1.07526',340.86465)
box(1:03:53.809,-72:02:06.997,0.24046',1.06608',341.70406)
