box(1:04:06.322,-72:02:39.018,0.63180',1.11570',69.009068)
box(1:03:58.968,-72:01:03.227,0.49082',1.10251',68.547893)
