box(1:04:06.326,-72:02:37.934,0.65567',1.12281',67.169317)
box(1:03:59.074,-72:01:02.732,0.49082',1.10251',69.801448)
