box(1:04:11.758,-72:01:37.157,0.60812',1.07526',346.33567)
box(1:03:54.570,-72:01:59.551,0.24046',1.06608',345.5228)
