box(1:04:05.1524,-72:02:40.507,0.63180',1.11570',69.820777)
box(1:03:59.0796,-72:01:10.112,0.49082',1.10251',69.78651)
