box(1:04:04.2024,-72:02:44.494,0.63180',1.11570',76.658883)
box(1:03:59.5068,-72:01:08.624,0.49082',1.10251',76.649169)
