box(1:04:10,-72:02:22,0.60812',1.07526',40)
box(1:03:55,-72:01:19,0.54046',1.06608',40)
