box(1:04:09,-72:01:14,0.53180',1.11570',130)
box(1:03:55,-72:02:36,0.59082',1.10251',130)
