box(1:04:09.4011,-72:01:11.5,0.63180',1.11570',120.658883)
box(1:03:57,-72:02:46,0.49082',1.10251',120.649169)
