box(1:04:10,-72:02:29,0.60812',1.07526',45)
box(1:03:55,-72:01:16,0.64046',1.06608',45)
