box(1:04:05,-72:01:03,0.53180',1.11570',110.658883)
box(1:04:01,-72:02:48,0.49082',1.10251',110.649169)
