box(1:04:08,-72:01:11,0.53180',1.11570',125)
box(1:03:56,-72:02:36,0.59082',1.10251',125)
