box(1:04:08,-72:01:15,0.53180',1.11570',130)
box(1:03:58,-72:02:42,0.59082',1.10251',130
