box(1:04:09,-72:01:24,0.60812',1.07526',-45)
box(1:03:56,-72:02:21,0.24046',1.06608',-45)
